0.1 10.88379084788901
0.2 3.1653557547295526
0.30000000000000004 0.804108687863681
0.4000000000000001 -0.22488793442764177
0.5 -0.7410926645887712
0.5000000000000001 -0.7410926646017031
0.6000000000000001 -1.0155164328765762
0.7000000000000002 -1.1617620967829514
0.8000000000000003 -1.2357257784940978
0.9 -1.2675871120117614
0.9000000000000001 -1.267587111972011
0.91 -1.26918551767595
0.92 -1.2705497531894263
0.93 -1.2716911308532302
0.9400000000000001 -1.2726203693254348
0.9500000000000001 -1.2733476300724749
0.9600000000000001 -1.2738825517433767
0.9700000000000001 -1.2742342824518906
0.9800000000000001 -1.2744115102079119
0.9900000000000001 -1.2744224915445381
1.0 -1.2742750779449594
1.0000000000000002 -1.274275077912784
1.0100000000000002 -1.273976741192409
1.02 -1.2735345969655643
1.0300000000000002 -1.272955426323064
1.04 -1.2722456966936089
1.0500000000000003 -1.2714115804284443
1.06 -1.2704589730513145
1.0700000000000003 -1.2693935097495581
1.08 -1.268220580395799
1.0900000000000003 -1.2669453442224676
1.1 -1.2655727430544133
1.1000000000000003 -1.265572743076944
1.2000000000000004 -1.2474454094505751
1.3000000000000003 -1.2237814700246687
1.4000000000000004 -1.1972416145202576
1.5000000000000004 -1.169684288149247
1.6000000000000003 -1.1424064952917223
1.7000000000000002 -1.1162988500996112
1.7000000000000004 -1.1162988503246143
1.8000000000000005 -1.091949023439124
1.9000000000000006 -1.0697112046801158
