iteration:  0
parameters: 18
0 0.000000
1 0.000000
2 0.000000
3 0.000000
4 0.000000
5 0.000000
6 0.000000
7 0.000000
8 0.000000
9 0.000000
10 0.000000
11 0.000000
12 0.000000
13 0.000000
14 0.000000
15 0.000000
16 0.000000
17 0.000000
ancillas
0 2.001640 +/- 0.000945
1 0.002728 +/- 0.006899
2 0.001282 +/- 0.000546
energy: = 0.938546 +/- 0.004904
gradient: 
0 0.018276 +/- 0.007056
1 0.050232 +/- 0.007652
2 0.030170 +/- 0.007626
3 -0.014422 +/- 0.006510
4 -0.028840 +/- 0.007645
5 -0.013386 +/- 0.007647
6 -0.130351 +/- 0.007547
7 -0.018045 +/- 0.007911
8 -0.055939 +/- 0.007754
9 0.057817 +/- 0.006976
10 -0.097132 +/- 0.007616
11 -0.059783 +/- 0.007661
12 -0.015505 +/- 0.008997
13 0.093351 +/- 0.006663
14 0.096362 +/- 0.006872
15 -0.035784 +/- 0.009184
16 -0.093225 +/- 0.006755
17 -0.100977 +/- 0.006750
line search: 
-2 1.358022 +/- 0.009546
-1 1.224417 +/- 0.008635
-1 1.074054 +/- 0.007305
0 0.987894 +/- 0.006305
0 0.820257 +/- 0.002608
0 1.126489 +/- 0.007791
1 1.204905 +/- 0.008448
1 1.181109 +/- 0.008763
2 1.364693 +/- 0.010097
proposed new energy: 0.875779 +/- 0.002236
proposed parameters:
0 0.000637
1 0.001750
2 0.001051
3 -0.000502
4 -0.001005
5 -0.000466
6 -0.004541
7 -0.000629
8 -0.001949
9 0.002014
10 -0.003384
11 -0.002083
12 -0.000540
13 0.003252
14 0.003357
15 -0.001247
16 -0.003248
17 -0.003518
