iteration:  0
parameters: 18
0 0.000000
1 0.000000
2 0.000000
3 0.000000
4 0.000000
5 0.000000
6 0.000000
7 0.000000
8 0.000000
9 0.000000
10 0.000000
11 0.000000
12 0.000000
13 0.000000
14 0.000000
15 0.000000
16 0.000000
17 0.000000
ancillas
0 2.003517 +/- 0.004120
1 0.070576 +/- 0.007666
2 0.000861 +/- 0.001963
energy: = -0.194438 +/- 0.002872
gradient: 
0 0.011690 +/- 0.005946
1 0.033974 +/- 0.006694
2 0.020849 +/- 0.006709
3 -0.020918 +/- 0.005965
4 -0.074632 +/- 0.006847
5 -0.022148 +/- 0.006828
6 -0.055729 +/- 0.006164
7 -0.058836 +/- 0.006853
8 -0.060977 +/- 0.006857
9 0.046293 +/- 0.006163
10 -0.058908 +/- 0.006868
11 -0.067337 +/- 0.006869
12 0.001701 +/- 0.007814
13 0.060207 +/- 0.005918
14 0.052877 +/- 0.005955
15 0.004919 +/- 0.007809
16 -0.057608 +/- 0.005895
17 -0.046925 +/- 0.005943
line search: 
-2 0.183374 +/- 0.008367
-1 0.111594 +/- 0.007208
-1 -0.124678 +/- 0.005614
0 0.022231 +/- 0.006874
0 -0.220823 +/- 0.001492
0 0.281969 +/- 0.007998
1 0.345131 +/- 0.008097
1 0.169167 +/- 0.007566
2 0.135099 +/- 0.007767
proposed new energy: -0.189343 +/- 0.001414
proposed parameters:
0 0.001761
1 0.005117
2 0.003140
3 -0.003151
4 -0.011241
5 -0.003336
6 -0.008394
7 -0.008862
8 -0.009184
9 0.006972
10 -0.008873
11 -0.010142
12 0.000256
13 0.009068
14 0.007964
15 0.000741
16 -0.008677
17 -0.007068
