iteration:  0
parameters: 18
0 0.000000
1 0.000000
2 0.000000
3 0.000000
4 0.000000
5 0.000000
6 0.000000
7 0.000000
8 0.000000
9 0.000000
10 0.000000
11 0.000000
12 0.000000
13 0.000000
14 0.000000
15 0.000000
16 0.000000
17 0.000000
ancillas
0 2.004618 +/- 0.000759
1 -0.002104 +/- 0.006863
2 0.001234 +/- 0.000437
energy: = -0.739290 +/- 0.001692
gradient: 
0 0.001692 +/- 0.005404
1 0.040706 +/- 0.006223
2 0.021425 +/- 0.006098
3 -0.002585 +/- 0.005282
4 -0.022585 +/- 0.005993
5 -0.015501 +/- 0.005986
6 -0.042381 +/- 0.005402
7 -0.040379 +/- 0.006130
8 -0.037679 +/- 0.006104
9 0.032565 +/- 0.005453
10 -0.041868 +/- 0.006100
11 -0.047567 +/- 0.006101
12 0.001615 +/- 0.006840
13 0.042840 +/- 0.005573
14 0.060874 +/- 0.005513
15 0.003332 +/- 0.006849
16 -0.075236 +/- 0.005371
17 -0.072166 +/- 0.005362
line search: 
-2 -0.489656 +/- 0.006331
-1 -0.577227 +/- 0.005518
-1 -0.576172 +/- 0.005334
0 -0.627663 +/- 0.004877
0 -0.738614 +/- 0.001427
0 -0.623454 +/- 0.004469
1 -0.591975 +/- 0.004910
1 -0.543470 +/- 0.005505
2 -0.607300 +/- 0.006129
proposed new energy: -0.715154 +/- 0.001281
proposed parameters:
0 -0.000144
1 -0.003476
2 -0.001829
3 0.000221
4 0.001929
5 0.001324
6 0.003619
7 0.003448
8 0.003217
9 -0.002781
10 0.003575
11 0.004062
12 -0.000138
13 -0.003658
14 -0.005198
15 -0.000285
16 0.006424
17 0.006162
