iteration:  0
parameters: 18
0 0.000000
1 0.000000
2 0.000000
3 0.000000
4 0.000000
5 0.000000
6 0.000000
7 0.000000
8 0.000000
9 0.000000
10 0.000000
11 0.000000
12 0.000000
13 0.000000
14 0.000000
15 0.000000
16 0.000000
17 0.000000
ancillas
0 2.000000 +/- 0.000000
1 -0.002653 +/- 0.006845
2 -0.000000 +/- 0.000000
energy: = -1.008597 +/- 0.001469
gradient: 
0 0.013851 +/- 0.004731
1 0.034887 +/- 0.005326
2 0.031330 +/- 0.005413
3 -0.014099 +/- 0.004743
4 -0.038267 +/- 0.005326
5 -0.023984 +/- 0.005333
6 -0.065256 +/- 0.004784
7 -0.035640 +/- 0.005427
8 -0.037289 +/- 0.005389
9 0.042230 +/- 0.004718
10 -0.036973 +/- 0.005435
11 -0.034084 +/- 0.005390
12 0.004516 +/- 0.005984
13 0.015242 +/- 0.004686
14 0.032825 +/- 0.004686
15 -0.016488 +/- 0.005990
16 -0.028586 +/- 0.004693
17 -0.033031 +/- 0.004698
line search: 
-2 -0.823604 +/- 0.005614
-1 -0.871009 +/- 0.005090
-1 -0.892233 +/- 0.004503
0 -0.945031 +/- 0.004099
0 -0.975145 +/- 0.003085
0 -0.920941 +/- 0.003943
1 -0.915790 +/- 0.004238
1 -0.896372 +/- 0.004583
2 -0.888830 +/- 0.004921
proposed new energy: -0.949447 +/- 0.001919
proposed parameters:
0 -0.002973
1 -0.007488
2 -0.006724
3 0.003026
4 0.008213
5 0.005147
6 0.014005
7 0.007649
8 0.008003
9 -0.009063
10 0.007935
11 0.007315
12 -0.000969
13 -0.003271
14 -0.007045
15 0.003539
16 0.006135
17 0.007089
