iteration:  0
parameters: 18
0 0.000000
1 0.000000
2 0.000000
3 0.000000
4 0.000000
5 0.000000
6 0.000000
7 0.000000
8 0.000000
9 0.000000
10 0.000000
11 0.000000
12 0.000000
13 0.000000
14 0.000000
15 0.000000
16 0.000000
17 0.000000
ancillas
0 2.000000 +/- 0.000000
1 0.001684 +/- 0.006848
2 0.000000 +/- 0.000000
energy: = -1.151783 +/- 0.001508
gradient: 
0 0.003133 +/- 0.004416
1 0.026178 +/- 0.005035
2 0.017925 +/- 0.004918
3 -0.030718 +/- 0.004573
4 -0.004768 +/- 0.004941
5 -0.014099 +/- 0.004937
6 -0.030502 +/- 0.004730
7 0.002592 +/- 0.004927
8 -0.018856 +/- 0.004923
9 0.028838 +/- 0.004397
10 -0.021965 +/- 0.004918
11 -0.029778 +/- 0.004909
12 0.007717 +/- 0.005365
13 0.034031 +/- 0.004373
14 0.042255 +/- 0.004381
15 0.009164 +/- 0.005377
16 -0.056175 +/- 0.004355
17 -0.051175 +/- 0.004387
line search: 
-2 -1.031662 +/- 0.004448
-1 -1.055312 +/- 0.004293
-1 -1.049018 +/- 0.003985
0 -1.085307 +/- 0.003591
0 -1.150440 +/- 0.001508
0 -1.072002 +/- 0.003913
1 -1.069039 +/- 0.003879
1 -1.071008 +/- 0.003820
2 -1.071110 +/- 0.003970
proposed new energy: -1.127646 +/- 0.001255
proposed parameters:
0 -0.000521
1 -0.004349
2 -0.002978
3 0.005104
4 0.000792
5 0.002342
6 0.005068
7 -0.000431
8 0.003133
9 -0.004791
10 0.003649
11 0.004947
12 -0.001282
13 -0.005654
14 -0.007020
15 -0.001523
16 0.009333
17 0.008503
