iteration:  2
parameters: 18
0 -0.003546
1 0.000892
2 0.001257
3 0.004381
4 -0.005718
5 0.004067
6 -0.011997
7 0.005846
8 0.011656
9 0.006454
10 0.008717
11 -0.014943
12 0.001040
13 -0.026212
14 -0.034538
15 0.001317
16 0.018823
17 0.029877
ancillas
0 2.024133 +/- 0.003848
1 0.058621 +/- 0.007496
2 0.002349 +/- 0.001999
energy: = -1.165050 +/- 0.003392
gradient: 
0 -0.007673 +/- 0.004316
1 -0.000113 +/- 0.004665
2 0.006086 +/- 0.004666
3 0.013207 +/- 0.004275
4 0.015473 +/- 0.004641
5 0.020739 +/- 0.004661
6 0.019129 +/- 0.004460
7 0.003703 +/- 0.004788
8 0.000607 +/- 0.004805
9 -0.012364 +/- 0.004345
10 0.001735 +/- 0.004728
11 0.000831 +/- 0.004732
12 0.003973 +/- 0.004977
13 0.017425 +/- 0.004363
14 0.013650 +/- 0.004422
15 -0.010770 +/- 0.004981
16 -0.009825 +/- 0.004342
17 -0.008644 +/- 0.004338
line search: 
-2 -1.168029 +/- 0.003541
-1 -1.170536 +/- 0.003512
-1 -1.179161 +/- 0.003601
0 -1.143026 +/- 0.003654
0 -1.167560 +/- 0.003386
0 -1.169205 +/- 0.003502
1 -1.167493 +/- 0.003428
1 -1.168659 +/- 0.003473
2 -1.162227 +/- 0.003531
proposed new energy: -1.164951 +/- 0.001646
proposed parameters:
0 0.001188
1 0.000962
2 -0.002498
3 -0.003768
4 -0.015264
5 -0.008728
6 -0.023799
7 0.003561
8 0.011282
9 0.014082
10 0.007646
11 -0.015456
12 -0.001411
13 -0.036963
14 -0.042960
15 0.007962
16 0.024885
17 0.035210
