iteration:  1
parameters: 18
0 -0.008849
1 -0.002031
2 -0.000378
3 0.012794
4 0.003128
5 0.009398
6 0.007066
7 0.006956
8 0.010605
9 -0.009548
10 0.005281
11 -0.010481
12 0.000176
13 -0.007350
14 -0.013475
15 -0.001100
16 0.006329
17 0.010697
ancillas
0 2.088785 +/- 0.004909
1 0.124695 +/- 0.007864
2 0.032337 +/- 0.002360
energy: = -1.151197 +/- 0.003418
gradient: 
0 -0.011281 +/- 0.004283
1 -0.006218 +/- 0.004665
2 -0.003477 +/- 0.004661
3 0.017898 +/- 0.004303
4 0.018819 +/- 0.004735
5 0.011341 +/- 0.004665
6 0.040553 +/- 0.004350
7 0.002362 +/- 0.004734
8 -0.002235 +/- 0.004794
9 -0.034041 +/- 0.004410
10 -0.007309 +/- 0.004745
11 0.009493 +/- 0.004738
12 -0.001837 +/- 0.004950
13 0.040126 +/- 0.004323
14 0.044808 +/- 0.004312
15 -0.005142 +/- 0.005001
16 -0.026578 +/- 0.004308
17 -0.040802 +/- 0.004263
line search: 
-2 -1.143068 +/- 0.003479
-1 -1.163011 +/- 0.003104
-1 -1.177746 +/- 0.003133
0 -1.159154 +/- 0.003606
0 -1.097017 +/- 0.004117
0 -1.092278 +/- 0.004062
1 -1.083622 +/- 0.004009
1 -1.139068 +/- 0.003295
2 -1.158355 +/- 0.003105
proposed new energy: -1.123211 +/- 0.001835
proposed parameters:
0 -0.003546
1 0.000892
2 0.001257
3 0.004381
4 -0.005718
5 0.004067
6 -0.011997
7 0.005846
8 0.011656
9 0.006454
10 0.008717
11 -0.014943
12 0.001040
13 -0.026212
14 -0.034538
15 0.001317
16 0.018823
17 0.029877
