iteration:  0
parameters: 18
0 0.000000
1 0.000000
2 0.000000
3 0.000000
4 0.000000
5 0.000000
6 0.000000
7 0.000000
8 0.000000
9 0.000000
10 0.000000
11 0.000000
12 0.000000
13 0.000000
14 0.000000
15 0.000000
16 0.000000
17 0.000000
ancillas
0 2.018486 +/- 0.001972
1 0.026606 +/- 0.007079
2 -0.006862 +/- 0.001051
energy: = -1.215556 +/- 0.001789
gradient: 
0 0.027324 +/- 0.004152
1 0.006272 +/- 0.004545
2 0.001168 +/- 0.004536
3 -0.039506 +/- 0.004257
4 -0.009660 +/- 0.004569
5 -0.029020 +/- 0.004544
6 -0.021819 +/- 0.004143
7 -0.021478 +/- 0.004549
8 -0.032746 +/- 0.004550
9 0.029483 +/- 0.004124
10 -0.016307 +/- 0.004579
11 0.032363 +/- 0.004568
12 -0.000544 +/- 0.004909
13 0.022697 +/- 0.004126
14 0.041608 +/- 0.004156
15 0.003396 +/- 0.004965
16 -0.019544 +/- 0.004121
17 -0.033032 +/- 0.004238
line search: 
-2 -1.147451 +/- 0.003717
-1 -1.154499 +/- 0.003756
-1 -1.141503 +/- 0.003686
0 -1.161093 +/- 0.003382
0 -1.221731 +/- 0.001552
0 -1.183289 +/- 0.003153
1 -1.174866 +/- 0.003093
1 -1.182559 +/- 0.003138
2 -1.172019 +/- 0.003253
proposed new energy: -1.202729 +/- 0.001197
proposed parameters:
0 -0.008849
1 -0.002031
2 -0.000378
3 0.012794
4 0.003128
5 0.009398
6 0.007066
7 0.006956
8 0.010605
9 -0.009548
10 0.005281
11 -0.010481
12 0.000176
13 -0.007350
14 -0.013475
15 -0.001100
16 0.006329
17 0.010697
