iteration:  0
parameters: 18
0 0.000000
1 0.000000
2 0.000000
3 0.000000
4 0.000000
5 0.000000
6 0.000000
7 0.000000
8 0.000000
9 0.000000
10 0.000000
11 0.000000
12 0.000000
13 0.000000
14 0.000000
15 0.000000
16 0.000000
17 0.000000
ancillas
0 1.991738 +/- 0.004694
1 0.100415 +/- 0.007892
2 -0.002376 +/- 0.002280
energy: = -1.250013 +/- 0.001588
gradient: 
0 -0.007570 +/- 0.003848
1 0.019025 +/- 0.004235
2 0.006416 +/- 0.004190
3 -0.011729 +/- 0.003827
4 -0.006131 +/- 0.004188
5 -0.008465 +/- 0.004195
6 -0.010209 +/- 0.003877
7 -0.022455 +/- 0.004222
8 -0.004547 +/- 0.004224
9 0.015245 +/- 0.003895
10 -0.011771 +/- 0.004267
11 -0.017785 +/- 0.004268
12 -0.000626 +/- 0.004394
13 0.025475 +/- 0.003807
14 0.030901 +/- 0.003825
15 0.003064 +/- 0.004409
16 -0.044233 +/- 0.003853
17 -0.039672 +/- 0.003901
line search: 
-2 -1.158718 +/- 0.004053
-1 -1.166430 +/- 0.004129
-1 -1.069584 +/- 0.004414
0 -1.179498 +/- 0.003667
0 -1.256030 +/- 0.001835
0 -1.214734 +/- 0.002988
1 -1.209826 +/- 0.003047
1 -1.200018 +/- 0.003188
2 -1.202151 +/- 0.003331
proposed new energy: -1.227764 +/- 0.001288
proposed parameters:
0 0.004121
1 -0.010356
2 -0.003492
3 0.006385
4 0.003337
5 0.004608
6 0.005558
7 0.012223
8 0.002475
9 -0.008299
10 0.006407
11 0.009681
12 0.000341
13 -0.013867
14 -0.016821
15 -0.001668
16 0.024078
17 0.021595
