iteration:  2
parameters: 18
0 -0.000799
1 -0.001435
2 -0.002791
3 -0.002160
4 0.001536
5 0.000904
6 0.002608
7 0.002306
8 0.001753
9 -0.003795
10 -0.001156
11 -0.001816
12 0.001214
13 -0.000744
14 -0.005781
15 0.000858
16 0.006854
17 0.005281
ancillas
0 2.062223 +/- 0.004472
1 0.111868 +/- 0.007700
2 0.021809 +/- 0.002192
energy: = -1.218919 +/- 0.003089
gradient: 
0 -0.005598 +/- 0.003693
1 -0.007136 +/- 0.003999
2 -0.008334 +/- 0.004022
3 0.020433 +/- 0.003752
4 0.004940 +/- 0.004018
5 0.016892 +/- 0.004006
6 0.001358 +/- 0.004236
7 0.030288 +/- 0.004444
8 0.009036 +/- 0.004162
9 -0.027513 +/- 0.003873
10 0.000307 +/- 0.004089
11 -0.007797 +/- 0.004098
12 0.006726 +/- 0.004171
13 0.011848 +/- 0.003827
14 0.037542 +/- 0.003893
15 0.007328 +/- 0.004199
16 -0.029225 +/- 0.003915
17 -0.023605 +/- 0.004084
line search: 
-2 -1.201832 +/- 0.003155
-1 -1.210386 +/- 0.002622
-1 -1.231718 +/- 0.002207
0 -1.246573 +/- 0.001993
0 -1.244733 +/- 0.001830
0 -1.249741 +/- 0.001628
1 -1.249672 +/- 0.001756
1 -1.251551 +/- 0.001810
2 -1.256933 +/- 0.001831
proposed new energy: -1.254306 +/- 0.000898
proposed parameters:
0 0.007060
1 0.008582
2 0.008909
3 -0.030842
4 -0.005399
5 -0.022808
6 0.000702
7 -0.040211
8 -0.010931
9 0.034827
10 -0.001587
11 0.009129
12 -0.008228
13 -0.017376
14 -0.058481
15 -0.009428
16 0.047880
17 0.038416
