iteration:  1
parameters: 18
0 -0.002161
1 -0.002332
2 -0.002562
3 -0.000743
4 0.001703
5 0.000858
6 0.003690
7 0.001663
8 0.001984
9 -0.004287
10 -0.001532
11 -0.002725
12 0.001019
13 0.004467
14 -0.001578
15 0.000713
16 0.003132
17 0.002841
ancillas
0 2.013145 +/- 0.004348
1 0.061179 +/- 0.007462
2 -0.002096 +/- 0.002260
energy: = -1.235209 +/- 0.002553
gradient: 
0 -0.016165 +/- 0.003657
1 -0.010646 +/- 0.004014
2 0.002721 +/- 0.004012
3 0.016820 +/- 0.003647
4 0.001980 +/- 0.004039
5 -0.000548 +/- 0.004052
6 0.012844 +/- 0.003786
7 -0.007628 +/- 0.004052
8 0.002741 +/- 0.004075
9 -0.005846 +/- 0.003789
10 -0.004457 +/- 0.003993
11 -0.010794 +/- 0.004061
12 -0.002318 +/- 0.004147
13 0.061859 +/- 0.003689
14 0.049895 +/- 0.003629
15 -0.001725 +/- 0.004108
16 -0.044178 +/- 0.003617
17 -0.028962 +/- 0.003701
line search: 
-2 -1.176322 +/- 0.003730
-1 -1.184197 +/- 0.003375
-1 -1.229355 +/- 0.003340
0 -1.189332 +/- 0.003349
0 -1.219120 +/- 0.003119
0 -1.203684 +/- 0.003235
1 -1.203571 +/- 0.003287
1 -1.183624 +/- 0.003209
2 -1.195350 +/- 0.003187
proposed new energy: -1.209561 +/- 0.001645
proposed parameters:
0 -0.000799
1 -0.001435
2 -0.002791
3 -0.002160
4 0.001536
5 0.000904
6 0.002608
7 0.002306
8 0.001753
9 -0.003795
10 -0.001156
11 -0.001816
12 0.001214
13 -0.000744
14 -0.005781
15 0.000858
16 0.006854
17 0.005281
