iteration:  0
parameters: 18
0 0.000000
1 0.000000
2 0.000000
3 0.000000
4 0.000000
5 0.000000
6 0.000000
7 0.000000
8 0.000000
9 0.000000
10 0.000000
11 0.000000
12 0.000000
13 0.000000
14 0.000000
15 0.000000
16 0.000000
17 0.000000
ancillas
0 2.021147 +/- 0.001619
1 0.007908 +/- 0.006986
2 -0.010103 +/- 0.000791
energy: = -1.263137 +/- 0.002073
gradient: 
0 0.012745 +/- 0.003615
1 0.013753 +/- 0.003912
2 0.015110 +/- 0.003920
3 0.004380 +/- 0.003632
4 -0.010044 +/- 0.003905
5 -0.005057 +/- 0.003898
6 -0.021761 +/- 0.003691
7 -0.009809 +/- 0.003904
8 -0.011697 +/- 0.003907
9 0.025280 +/- 0.003656
10 0.009032 +/- 0.003916
11 0.016067 +/- 0.003922
12 -0.006008 +/- 0.004057
13 -0.026343 +/- 0.003687
14 0.009303 +/- 0.003677
15 -0.004203 +/- 0.004061
16 -0.018466 +/- 0.003636
17 -0.016751 +/- 0.003654
line search: 
-2 -1.137809 +/- 0.004017
-1 -1.139802 +/- 0.004232
-1 -1.141955 +/- 0.004427
0 -1.127074 +/- 0.004030
0 -1.254900 +/- 0.002378
0 -1.187679 +/- 0.003893
1 -1.217342 +/- 0.004108
1 -1.163589 +/- 0.003979
2 -1.131808 +/- 0.003649
proposed new energy: -1.214385 +/- 0.001669
proposed parameters:
0 -0.002161
1 -0.002332
2 -0.002562
3 -0.000743
4 0.001703
5 0.000858
6 0.003690
7 0.001663
8 0.001984
9 -0.004287
10 -0.001532
11 -0.002725
12 0.001019
13 0.004467
14 -0.001578
15 0.000713
16 0.003132
17 0.002841
