iteration:  0
parameters: 18
0 0.000000
1 0.000000
2 0.000000
3 0.000000
4 0.000000
5 0.000000
6 0.000000
7 0.000000
8 0.000000
9 0.000000
10 0.000000
11 0.000000
12 0.000000
13 0.000000
14 0.000000
15 0.000000
16 0.000000
17 0.000000
ancillas
0 2.015492 +/- 0.001660
1 0.021260 +/- 0.006975
2 0.013062 +/- 0.000905
energy: = -1.233471 +/- 0.002001
gradient: 
0 -0.002249 +/- 0.003478
1 -0.002813 +/- 0.003656
2 -0.003050 +/- 0.003651
3 -0.000886 +/- 0.003442
4 0.001145 +/- 0.003682
5 0.002946 +/- 0.003676
6 -0.009637 +/- 0.003497
7 0.003739 +/- 0.003707
8 -0.003333 +/- 0.003699
9 0.014905 +/- 0.003487
10 -0.003435 +/- 0.003692
11 -0.007266 +/- 0.003680
12 -0.001267 +/- 0.003747
13 0.013547 +/- 0.003440
14 0.017580 +/- 0.003436
15 0.005582 +/- 0.003748
16 -0.024574 +/- 0.003413
17 -0.027182 +/- 0.003429
line search: 
-2 -1.189544 +/- 0.003113
-1 -1.202023 +/- 0.003016
-1 -1.210720 +/- 0.002983
0 -1.173656 +/- 0.003070
0 -1.245165 +/- 0.001840
0 -1.215834 +/- 0.002558
1 -1.218076 +/- 0.002608
1 -1.196857 +/- 0.002673
2 -1.225547 +/- 0.002609
proposed new energy: -1.223113 +/- 0.001158
proposed parameters:
0 0.001265
1 0.001582
2 0.001715
3 0.000498
4 -0.000644
5 -0.001657
6 0.005420
7 -0.002103
8 0.001874
9 -0.008383
10 0.001932
11 0.004087
12 0.000712
13 -0.007619
14 -0.009888
15 -0.003139
16 0.013821
17 0.015288
