iteration:  1
parameters: 18
0 -0.012512
1 0.002439
2 0.000425
3 -0.001310
4 -0.000122
5 0.000956
6 -0.004366
7 -0.004492
8 -0.001605
9 0.004862
10 -0.002159
11 -0.003537
12 -0.000215
13 0.001711
14 0.002726
15 0.002287
16 -0.002058
17 -0.001301
ancillas
0 2.076811 +/- 0.004388
1 0.116672 +/- 0.007709
2 0.024594 +/- 0.002230
energy: = -1.193749 +/- 0.002776
gradient: 
0 -0.008774 +/- 0.003336
1 0.008708 +/- 0.003557
2 0.003706 +/- 0.003552
3 0.012027 +/- 0.003314
4 0.002054 +/- 0.003543
5 0.008916 +/- 0.003550
6 0.015841 +/- 0.003401
7 0.001262 +/- 0.003580
8 -0.012003 +/- 0.003647
9 -0.014623 +/- 0.003593
10 0.007943 +/- 0.003742
11 0.038841 +/- 0.003673
12 0.000224 +/- 0.003597
13 0.021789 +/- 0.003423
14 0.025948 +/- 0.003353
15 -0.001897 +/- 0.003582
16 -0.027664 +/- 0.003382
17 -0.015736 +/- 0.003375
line search: 
-2 -1.174048 +/- 0.002916
-1 -1.181419 +/- 0.002820
-1 -1.188060 +/- 0.002729
0 -1.193424 +/- 0.002667
0 -1.191399 +/- 0.002648
0 -1.196732 +/- 0.002758
1 -1.189922 +/- 0.002787
1 -1.178790 +/- 0.002878
2 -1.177119 +/- 0.002787
proposed new energy: -1.193817 +/- 0.001373
proposed parameters:
0 -0.012138
1 0.002068
2 0.000267
3 -0.001823
4 -0.000210
5 0.000576
6 -0.005041
7 -0.004546
8 -0.001093
9 0.005485
10 -0.002498
11 -0.005193
12 -0.000225
13 0.000782
14 0.001620
15 0.002368
16 -0.000879
17 -0.000630
