iteration:  2
parameters: 18
0 -0.012138
1 0.002068
2 0.000267
3 -0.001823
4 -0.000210
5 0.000576
6 -0.005041
7 -0.004546
8 -0.001093
9 0.005485
10 -0.002498
11 -0.005193
12 -0.000225
13 0.000782
14 0.001620
15 0.002368
16 -0.000879
17 -0.000630
ancillas
0 1.997815 +/- 0.001186
1 0.020950 +/- 0.006984
2 0.000469 +/- 0.000667
energy: = -1.214054 +/- 0.001920
gradient: 
0 -0.005500 +/- 0.003245
1 0.002101 +/- 0.003555
2 0.023763 +/- 0.003759
3 0.006545 +/- 0.003251
4 0.003449 +/- 0.003527
5 0.004536 +/- 0.003564
6 0.012595 +/- 0.003220
7 -0.003974 +/- 0.003466
8 0.006556 +/- 0.003482
9 -0.022127 +/- 0.003280
10 -0.001723 +/- 0.003448
11 -0.005278 +/- 0.003432
12 0.003649 +/- 0.003476
13 0.032507 +/- 0.003195
14 0.034126 +/- 0.003188
15 0.006057 +/- 0.003479
16 -0.029335 +/- 0.003191
17 -0.032991 +/- 0.003192
line search: 
-2 -1.174444 +/- 0.003287
-1 -1.177632 +/- 0.003247
-1 -1.171463 +/- 0.003066
0 -1.195996 +/- 0.002956
0 -1.179042 +/- 0.003061
0 -1.184474 +/- 0.002889
1 -1.185241 +/- 0.002735
1 -1.189967 +/- 0.002641
2 -1.197508 +/- 0.002684
proposed new energy: -1.170048 +/- 0.020591
proposed parameters:
0 -0.042554
1 0.013689
2 0.131694
3 0.034375
4 0.018864
5 0.025662
6 0.064620
7 -0.026526
8 0.035166
9 -0.116896
10 -0.012025
11 -0.034385
12 0.019957
13 0.180568
14 0.190359
15 0.035870
16 -0.163123
17 -0.183096
