iteration:  0
parameters: 18
0 0.000000
1 0.000000
2 0.000000
3 0.000000
4 0.000000
5 0.000000
6 0.000000
7 0.000000
8 0.000000
9 0.000000
10 0.000000
11 0.000000
12 0.000000
13 0.000000
14 0.000000
15 0.000000
16 0.000000
17 0.000000
ancillas
0 2.172444 +/- 0.004490
1 0.171084 +/- 0.007834
2 0.080101 +/- 0.002174
energy: = -1.193788 +/- 0.003065
gradient: 
0 -0.062227 +/- 0.003411
1 0.012128 +/- 0.003479
2 0.002114 +/- 0.003553
3 -0.006514 +/- 0.003229
4 -0.000605 +/- 0.003464
5 0.004757 +/- 0.003463
6 -0.021715 +/- 0.003238
7 -0.022343 +/- 0.003509
8 -0.007985 +/- 0.003511
9 0.024183 +/- 0.003251
10 -0.010736 +/- 0.003462
11 -0.017593 +/- 0.003460
12 -0.001070 +/- 0.003395
13 0.008509 +/- 0.003263
14 0.013557 +/- 0.003328
15 0.011373 +/- 0.003431
16 -0.010235 +/- 0.003278
17 -0.006472 +/- 0.003291
line search: 
-2 -1.196485 +/- 0.002813
-1 -1.196482 +/- 0.002799
-1 -1.199528 +/- 0.002932
0 -1.199485 +/- 0.002944
0 -1.220215 +/- 0.001773
0 -1.191763 +/- 0.002823
1 -1.208615 +/- 0.002887
1 -1.228727 +/- 0.003520
2 -1.147529 +/- 0.003501
proposed new energy: -1.212957 +/- 0.001228
proposed parameters:
0 -0.012512
1 0.002439
2 0.000425
3 -0.001310
4 -0.000122
5 0.000956
6 -0.004366
7 -0.004492
8 -0.001605
9 0.004862
10 -0.002159
11 -0.003537
12 -0.000215
13 0.001711
14 0.002726
15 0.002287
16 -0.002058
17 -0.001301
