iteration:  0
parameters: 18
0 0.000000
1 0.000000
2 0.000000
3 0.000000
4 0.000000
5 0.000000
6 0.000000
7 0.000000
8 0.000000
9 0.000000
10 0.000000
11 0.000000
12 0.000000
13 0.000000
14 0.000000
15 0.000000
16 0.000000
17 0.000000
ancillas
0 2.000000 +/- 0.000000
1 -0.002998 +/- 0.006846
2 0.000000 +/- 0.000000
energy: = -1.190257 +/- 0.001738
gradient: 
0 0.004697 +/- 0.003098
1 0.002036 +/- 0.003318
2 0.000084 +/- 0.003313
3 -0.002966 +/- 0.003089
4 0.000019 +/- 0.003331
5 -0.000580 +/- 0.003327
6 -0.004703 +/- 0.003102
7 0.002631 +/- 0.003277
8 0.010968 +/- 0.003397
9 0.011466 +/- 0.003095
10 -0.004997 +/- 0.003308
11 0.002508 +/- 0.003288
12 -0.002893 +/- 0.003202
13 0.007532 +/- 0.003095
14 0.006763 +/- 0.003110
15 -0.008313 +/- 0.003233
16 -0.017968 +/- 0.003097
17 -0.013557 +/- 0.003101
line search: 
-2 -1.148815 +/- 0.003009
-1 -1.155031 +/- 0.003021
-1 -1.147982 +/- 0.003006
0 -1.153051 +/- 0.002964
0 -1.183671 +/- 0.001956
0 -1.167904 +/- 0.002940
1 -1.160035 +/- 0.002966
1 -1.166505 +/- 0.002920
2 -1.160981 +/- 0.002839
proposed new energy: -1.170820 +/- 0.001259
proposed parameters:
0 -0.002147
1 -0.000931
2 -0.000039
3 0.001356
4 -0.000009
5 0.000265
6 0.002149
7 -0.001203
8 -0.005013
9 -0.005240
10 0.002284
11 -0.001146
12 0.001322
13 -0.003442
14 -0.003091
15 0.003799
16 0.008212
17 0.006196
