iteration:  0
parameters: 18
0 0.000000
1 0.000000
2 0.000000
3 0.000000
4 0.000000
5 0.000000
6 0.000000
7 0.000000
8 0.000000
9 0.000000
10 0.000000
11 0.000000
12 0.000000
13 0.000000
14 0.000000
15 0.000000
16 0.000000
17 0.000000
ancillas
0 2.000298 +/- 0.000193
1 -0.005368 +/- 0.006851
2 0.000196 +/- 0.000111
energy: = -1.157092 +/- 0.001821
gradient: 
0 0.010798 +/- 0.003090
1 0.005948 +/- 0.003181
2 0.014323 +/- 0.003159
3 0.007751 +/- 0.003082
4 -0.002048 +/- 0.003167
5 0.003421 +/- 0.003214
6 -0.020881 +/- 0.003092
7 -0.005768 +/- 0.003207
8 -0.001790 +/- 0.003177
9 0.016972 +/- 0.003031
10 0.000859 +/- 0.003173
11 -0.001233 +/- 0.003168
12 -0.004272 +/- 0.003044
13 -0.009294 +/- 0.003031
14 -0.014652 +/- 0.003103
15 -0.006992 +/- 0.003041
16 -0.001544 +/- 0.003007
17 -0.009356 +/- 0.003014
line search: 
-2 -1.140266 +/- 0.002770
-1 -1.136382 +/- 0.002719
-1 -1.135949 +/- 0.002751
0 -1.148882 +/- 0.002797
0 -1.155050 +/- 0.002157
0 -1.145093 +/- 0.002853
1 -1.144351 +/- 0.002939
1 -1.124597 +/- 0.002848
2 -1.138934 +/- 0.002922
proposed new energy: -1.147471 +/- 0.001309
proposed parameters:
0 0.001433
1 0.000789
2 0.001900
3 0.001028
4 -0.000272
5 0.000454
6 -0.002770
7 -0.000765
8 -0.000237
9 0.002252
10 0.000114
11 -0.000164
12 -0.000567
13 -0.001233
14 -0.001944
15 -0.000928
16 -0.000205
17 -0.001241
