iteration:  0
parameters: 18
0 0.000000
1 0.000000
2 0.000000
3 0.000000
4 0.000000
5 0.000000
6 0.000000
7 0.000000
8 0.000000
9 0.000000
10 0.000000
11 0.000000
12 0.000000
13 0.000000
14 0.000000
15 0.000000
16 0.000000
17 0.000000
ancillas
0 2.008198 +/- 0.001266
1 0.003436 +/- 0.006963
2 0.005993 +/- 0.000685
energy: = -1.125972 +/- 0.001910
gradient: 
0 0.001151 +/- 0.002912
1 -0.002500 +/- 0.003043
2 -0.000373 +/- 0.003044
3 -0.000686 +/- 0.002890
4 0.000043 +/- 0.003047
5 -0.001574 +/- 0.003051
6 -0.011889 +/- 0.002924
7 -0.001053 +/- 0.003074
8 -0.000851 +/- 0.003082
9 0.004087 +/- 0.002930
10 0.005210 +/- 0.003068
11 0.009717 +/- 0.003064
12 -0.005648 +/- 0.002912
13 -0.004011 +/- 0.002924
14 0.000041 +/- 0.002915
15 0.001661 +/- 0.002920
16 -0.012328 +/- 0.002923
17 -0.008266 +/- 0.002916
line search: 
-2 -1.107051 +/- 0.002816
-1 -1.097721 +/- 0.002815
-1 -1.104592 +/- 0.002778
0 -1.107603 +/- 0.002798
0 -1.124937 +/- 0.002101
0 -1.091103 +/- 0.002868
1 -1.085807 +/- 0.002795
1 -1.100428 +/- 0.002706
2 -1.100717 +/- 0.002721
proposed new energy: -1.107902 +/- 0.001230
proposed parameters:
0 0.000651
1 -0.001414
2 -0.000211
3 -0.000388
4 0.000024
5 -0.000891
6 -0.006726
7 -0.000596
8 -0.000481
9 0.002312
10 0.002948
11 0.005497
12 -0.003195
13 -0.002269
14 0.000023
15 0.000939
16 -0.006974
17 -0.004676
