iteration:  0
parameters: 18
0 0.000000
1 0.000000
2 0.000000
3 0.000000
4 0.000000
5 0.000000
6 0.000000
7 0.000000
8 0.000000
9 0.000000
10 0.000000
11 0.000000
12 0.000000
13 0.000000
14 0.000000
15 0.000000
16 0.000000
17 0.000000
ancillas
0 2.028920 +/- 0.002170
1 0.026967 +/- 0.007094
2 0.001472 +/- 0.001067
energy: = -1.090791 +/- 0.002048
gradient: 
0 -0.011916 +/- 0.002918
1 -0.002186 +/- 0.002971
2 0.002970 +/- 0.002952
3 -0.002383 +/- 0.002888
4 0.004634 +/- 0.002964
5 0.006510 +/- 0.002945
6 -0.008331 +/- 0.002871
7 -0.000563 +/- 0.002987
8 0.010307 +/- 0.003082
9 0.009446 +/- 0.002894
10 0.002077 +/- 0.002985
11 0.001029 +/- 0.002975
12 -0.001837 +/- 0.002783
13 -0.004797 +/- 0.002810
14 -0.007314 +/- 0.002810
15 0.006182 +/- 0.002790
16 -0.002572 +/- 0.002800
17 -0.007616 +/- 0.002802
line search: 
-2 -1.081493 +/- 0.002417
-1 -1.092792 +/- 0.002488
-1 -1.095344 +/- 0.002536
0 -1.055850 +/- 0.002566
0 -1.090672 +/- 0.001852
0 -1.082642 +/- 0.002430
1 -1.087146 +/- 0.002442
1 -1.090566 +/- 0.002571
2 -1.085965 +/- 0.002586
proposed new energy: -1.083769 +/- 0.001121
proposed parameters:
0 -0.004858
1 -0.000891
2 0.001211
3 -0.000972
4 0.001889
5 0.002654
6 -0.003397
7 -0.000230
8 0.004202
9 0.003851
10 0.000847
11 0.000419
12 -0.000749
13 -0.001956
14 -0.002982
15 0.002521
16 -0.001049
17 -0.003105
