iteration:  0
parameters: 18
0 0.000000
1 0.000000
2 0.000000
3 0.000000
4 0.000000
5 0.000000
6 0.000000
7 0.000000
8 0.000000
9 0.000000
10 0.000000
11 0.000000
12 0.000000
13 0.000000
14 0.000000
15 0.000000
16 0.000000
17 0.000000
ancillas
0 2.011860 +/- 0.001981
1 0.010619 +/- 0.007082
2 0.004298 +/- 0.001019
energy: = -1.043428 +/- 0.002395
gradient: 
0 0.005140 +/- 0.002809
1 -0.003296 +/- 0.002866
2 -0.005382 +/- 0.002886
3 0.000088 +/- 0.002799
4 0.000989 +/- 0.002864
5 0.003422 +/- 0.002867
6 -0.007620 +/- 0.002850
7 0.006452 +/- 0.002907
8 -0.007569 +/- 0.002899
9 0.017210 +/- 0.002858
10 0.010454 +/- 0.002887
11 0.002331 +/- 0.002893
12 0.000491 +/- 0.002683
13 -0.014856 +/- 0.002760
14 -0.004077 +/- 0.002756
15 -0.002910 +/- 0.002693
16 -0.003973 +/- 0.002749
17 -0.007959 +/- 0.002788
line search: 
-2 -1.041706 +/- 0.003078
-1 -1.054231 +/- 0.003306
-1 -1.016248 +/- 0.003164
0 -1.015155 +/- 0.002860
0 -1.058934 +/- 0.002233
0 -1.027033 +/- 0.003096
1 -0.998026 +/- 0.002716
1 -1.042440 +/- 0.002587
2 -1.064423 +/- 0.002728
proposed new energy: -1.028051 +/- 0.001364
proposed parameters:
0 0.000473
1 -0.000303
2 -0.000495
3 0.000008
4 0.000091
5 0.000315
6 -0.000701
7 0.000593
8 -0.000696
9 0.001582
10 0.000961
11 0.000214
12 0.000045
13 -0.001366
14 -0.000375
15 -0.000268
16 -0.000365
17 -0.000732
