iteration:  0
parameters: 18
0 0.000000
1 0.000000
2 0.000000
3 0.000000
4 0.000000
5 0.000000
6 0.000000
7 0.000000
8 0.000000
9 0.000000
10 0.000000
11 0.000000
12 0.000000
13 0.000000
14 0.000000
15 0.000000
16 0.000000
17 0.000000
ancillas
0 2.001037 +/- 0.000360
1 0.016476 +/- 0.006854
2 -0.000608 +/- 0.000195
energy: = -1.027254 +/- 0.001973
gradient: 
0 -0.000638 +/- 0.002677
1 -0.005355 +/- 0.002773
2 -0.004967 +/- 0.002772
3 -0.010812 +/- 0.002702
4 0.004307 +/- 0.002792
5 0.002404 +/- 0.002786
6 -0.009097 +/- 0.002684
7 -0.000812 +/- 0.002761
8 0.042136 +/- 0.002751
9 0.004937 +/- 0.002684
10 0.011091 +/- 0.002773
11 0.010545 +/- 0.002781
12 -0.003203 +/- 0.002542
13 -0.015228 +/- 0.002658
14 -0.007141 +/- 0.002657
15 0.005929 +/- 0.002530
16 0.007633 +/- 0.002647
17 0.007043 +/- 0.002649
line search: 
-2 -1.015372 +/- 0.002420
-1 -1.030770 +/- 0.002505
-1 -1.022608 +/- 0.002456
0 -1.028075 +/- 0.002472
0 -1.024686 +/- 0.001930
0 -1.022293 +/- 0.002495
1 -1.016032 +/- 0.002525
1 -1.031050 +/- 0.002625
2 -1.022242 +/- 0.002882
proposed new energy: -1.024947 +/- 0.001157
proposed parameters:
0 0.000122
1 0.001021
2 0.000947
3 0.002063
4 -0.000822
5 -0.000459
6 0.001735
7 0.000155
8 -0.008038
9 -0.000942
10 -0.002116
11 -0.002012
12 0.000611
13 0.002905
14 0.001362
15 -0.001131
16 -0.001456
17 -0.001344
