iteration:  0
parameters: 18
0 0.000000
1 0.000000
2 0.000000
3 0.000000
4 0.000000
5 0.000000
6 0.000000
7 0.000000
8 0.000000
9 0.000000
10 0.000000
11 0.000000
12 0.000000
13 0.000000
14 0.000000
15 0.000000
16 0.000000
17 0.000000
ancillas
0 2.022145 +/- 0.002295
1 0.023592 +/- 0.007086
2 -0.001084 +/- 0.001162
energy: = -0.997612 +/- 0.002264
gradient: 
0 -0.002028 +/- 0.002689
1 -0.004590 +/- 0.002745
2 -0.005850 +/- 0.002760
3 -0.005869 +/- 0.002746
4 0.003844 +/- 0.002821
5 0.003050 +/- 0.002752
6 -0.006318 +/- 0.002670
7 0.007945 +/- 0.002735
8 -0.001025 +/- 0.002735
9 0.001219 +/- 0.002742
10 0.019175 +/- 0.002765
11 0.010932 +/- 0.002760
12 -0.000796 +/- 0.002534
13 -0.042201 +/- 0.002663
14 -0.013129 +/- 0.002597
15 -0.011683 +/- 0.002591
16 0.010864 +/- 0.002598
17 0.005546 +/- 0.002602
line search: 
-2 -0.988746 +/- 0.002428
-1 -1.004008 +/- 0.002686
-1 -0.983795 +/- 0.002516
0 -0.988819 +/- 0.002497
0 -0.993840 +/- 0.002110
0 -0.985285 +/- 0.002531
1 -1.037807 +/- 0.003109
1 -0.959680 +/- 0.002628
2 -0.982755 +/- 0.002568
proposed new energy: -0.994332 +/- 0.001164
proposed parameters:
0 -0.001120
1 -0.002535
2 -0.003231
3 -0.003242
4 0.002123
5 0.001684
6 -0.003489
7 0.004388
8 -0.000566
9 0.000673
10 0.010590
11 0.006038
12 -0.000440
13 -0.023308
14 -0.007251
15 -0.006452
16 0.006000
17 0.003063
