iteration:  0
parameters: 18
0 0.000000
1 0.000000
2 0.000000
3 0.000000
4 0.000000
5 0.000000
6 0.000000
7 0.000000
8 0.000000
9 0.000000
10 0.000000
11 0.000000
12 0.000000
13 0.000000
14 0.000000
15 0.000000
16 0.000000
17 0.000000
ancillas
0 2.002413 +/- 0.000549
1 0.003523 +/- 0.006878
2 0.002522 +/- 0.000396
energy: = -0.969164 +/- 0.002044
gradient: 
0 0.016632 +/- 0.002723
1 -0.010171 +/- 0.002713
2 -0.000182 +/- 0.002710
3 -0.007470 +/- 0.002644
4 0.013442 +/- 0.002693
5 0.007626 +/- 0.002681
6 -0.003615 +/- 0.002605
7 0.009041 +/- 0.002680
8 0.010689 +/- 0.002684
9 0.007839 +/- 0.002625
10 0.005135 +/- 0.002695
11 0.013745 +/- 0.002682
12 0.000227 +/- 0.002404
13 -0.009585 +/- 0.002556
14 -0.018575 +/- 0.002558
15 0.000800 +/- 0.002424
16 -0.002952 +/- 0.002563
17 0.005801 +/- 0.002562
line search: 
-2 -0.972815 +/- 0.002730
-1 -0.966941 +/- 0.002687
-1 -0.966261 +/- 0.002688
0 -0.983537 +/- 0.002914
0 -0.968710 +/- 0.002128
0 -0.951182 +/- 0.002643
1 -0.965874 +/- 0.002665
1 -0.969075 +/- 0.002673
2 -0.962357 +/- 0.002663
proposed new energy: -0.960007 +/- 0.022608
proposed parameters:
0 -0.103890
1 0.063528
2 0.001139
3 0.046657
4 -0.083960
5 -0.047632
6 0.022580
7 -0.056474
8 -0.066767
9 -0.048967
10 -0.032073
11 -0.085857
12 -0.001419
13 0.059873
14 0.116026
15 -0.005000
16 0.018437
17 -0.036235
