iteration:  0
parameters: 18
0 0.000000
1 0.000000
2 0.000000
3 0.000000
4 0.000000
5 0.000000
6 0.000000
7 0.000000
8 0.000000
9 0.000000
10 0.000000
11 0.000000
12 0.000000
13 0.000000
14 0.000000
15 0.000000
16 0.000000
17 0.000000
ancillas
0 2.009154 +/- 0.001780
1 0.013227 +/- 0.006963
2 0.006193 +/- 0.000826
energy: = -1.131627 +/- 0.002496
gradient: 
0 0.008312 +/- 0.003476
1 -0.000181 +/- 0.003377
2 -0.003466 +/- 0.003378
3 0.008533 +/- 0.003464
4 -0.006257 +/- 0.003412
5 -0.000073 +/- 0.003429
6 -0.012317 +/- 0.003488
7 -0.008926 +/- 0.003415
8 0.003739 +/- 0.003422
9 0.015355 +/- 0.003490
10 -0.004376 +/- 0.003397
11 -0.002378 +/- 0.003390
12 -0.004366 +/- 0.003179
13 0.002684 +/- 0.002795
14 0.002857 +/- 0.002829
15 -0.005493 +/- 0.003243
16 -0.009172 +/- 0.002809
17 -0.013129 +/- 0.002800
line search: 
-2 -1.115823 +/- 0.002692
-1 -1.105560 +/- 0.002712
-1 -1.125691 +/- 0.002952
0 -1.109244 +/- 0.003227
0 -1.131914 +/- 0.001654
0 -1.121753 +/- 0.002737
1 -1.109855 +/- 0.002718
1 -1.125000 +/- 0.002999
2 -1.124398 +/- 0.003374
proposed new energy: -1.124451 +/- 0.001142
proposed parameters:
0 -0.004162
1 0.000091
2 0.001736
3 -0.004272
4 0.003133
5 0.000037
6 0.006167
7 0.004469
8 -0.001872
9 -0.007688
10 0.002191
11 0.001191
12 0.002186
13 -0.001344
14 -0.001430
15 0.002750
16 0.004592
17 0.006574
