iteration:  0
parameters: 18
0 0.000000
1 0.000000
2 0.000000
3 0.000000
4 0.000000
5 0.000000
6 0.000000
7 0.000000
8 0.000000
9 0.000000
10 0.000000
11 0.000000
12 0.000000
13 0.000000
14 0.000000
15 0.000000
16 0.000000
17 0.000000
ancillas
0 2.016358 +/- 0.002032
1 0.014006 +/- 0.007095
2 0.007029 +/- 0.000970
energy: = -1.130452 +/- 0.001883
gradient: 
0 0.006951 +/- 0.003481
1 -0.004485 +/- 0.003360
2 -0.001991 +/- 0.003370
3 -0.004420 +/- 0.003501
4 -0.002229 +/- 0.003353
5 -0.009749 +/- 0.003347
6 -0.018386 +/- 0.003499
7 -0.004897 +/- 0.003368
8 -0.000590 +/- 0.003369
9 0.023119 +/- 0.003498
10 -0.006129 +/- 0.003374
11 -0.007742 +/- 0.003388
12 -0.001651 +/- 0.003175
13 0.004896 +/- 0.002891
14 0.011474 +/- 0.002896
15 0.001239 +/- 0.003177
16 -0.010645 +/- 0.002876
17 -0.011680 +/- 0.002870
line search: 
-2 -1.111933 +/- 0.002716
-1 -1.113278 +/- 0.002687
-1 -1.116413 +/- 0.002662
0 -1.105736 +/- 0.002659
0 -1.120905 +/- 0.001700
0 -1.077319 +/- 0.002855
1 -1.112573 +/- 0.002681
1 -1.114499 +/- 0.002729
2 -1.097809 +/- 0.002632
proposed new energy: -1.113490 +/- 0.001294
proposed parameters:
0 0.009553
1 -0.006164
2 -0.002737
3 -0.006074
4 -0.003063
5 -0.013399
6 -0.025269
7 -0.006731
8 -0.000812
9 0.031773
10 -0.008423
11 -0.010640
12 -0.002269
13 0.006728
14 0.015770
15 0.001703
16 -0.014629
17 -0.016053
