iteration:  0
parameters: 18
0 0.000000
1 0.000000
2 0.000000
3 0.000000
4 0.000000
5 0.000000
6 0.000000
7 0.000000
8 0.000000
9 0.000000
10 0.000000
11 0.000000
12 0.000000
13 0.000000
14 0.000000
15 0.000000
16 0.000000
17 0.000000
ancillas
0 2.000000 +/- 0.000000
1 0.001941 +/- 0.006846
2 0.000996 +/- 0.000249
energy: = -1.121044 +/- 0.001659
gradient: 
0 0.002346 +/- 0.003458
1 -0.000207 +/- 0.003326
2 0.009135 +/- 0.003332
3 -0.006689 +/- 0.003494
4 -0.003693 +/- 0.003379
5 -0.017451 +/- 0.003381
6 -0.028559 +/- 0.003713
7 0.020937 +/- 0.003424
8 -0.007751 +/- 0.003356
9 0.017203 +/- 0.003535
10 -0.003298 +/- 0.003358
11 0.000370 +/- 0.003348
12 0.000215 +/- 0.003169
13 0.004713 +/- 0.002825
14 0.004421 +/- 0.002843
15 -0.006050 +/- 0.003240
16 -0.017498 +/- 0.002925
17 -0.006942 +/- 0.002893
line search: 
-2 -1.101786 +/- 0.002664
-1 -1.099677 +/- 0.002628
-1 -1.100495 +/- 0.002605
0 -1.110423 +/- 0.002608
0 -1.125376 +/- 0.001592
0 -1.126980 +/- 0.002752
1 -1.079341 +/- 0.003172
1 -1.062793 +/- 0.003018
2 -1.107778 +/- 0.002693
proposed new energy: -1.115238 +/- 0.001116
proposed parameters:
0 0.000494
1 -0.000044
2 0.001925
3 -0.001410
4 -0.000778
5 -0.003677
6 -0.006018
7 0.004412
8 -0.001633
9 0.003625
10 -0.000695
11 0.000078
12 0.000045
13 0.000993
14 0.000932
15 -0.001275
16 -0.003687
17 -0.001463
