iteration:  0
parameters: 18
0 0.000000
1 0.000000
2 0.000000
3 0.000000
4 0.000000
5 0.000000
6 0.000000
7 0.000000
8 0.000000
9 0.000000
10 0.000000
11 0.000000
12 0.000000
13 0.000000
14 0.000000
15 0.000000
16 0.000000
17 0.000000
ancillas
0 2.003398 +/- 0.000651
1 -0.008217 +/- 0.006864
2 0.000615 +/- 0.000196
energy: = -1.116370 +/- 0.001780
gradient: 
0 0.008435 +/- 0.003503
1 0.007429 +/- 0.003391
2 0.013184 +/- 0.003341
3 0.001746 +/- 0.003513
4 -0.010007 +/- 0.003361
5 -0.001876 +/- 0.003300
6 -0.024335 +/- 0.003464
7 0.001963 +/- 0.003315
8 -0.006452 +/- 0.003325
9 0.015855 +/- 0.003464
10 0.002121 +/- 0.003347
11 0.002599 +/- 0.003344
12 0.003651 +/- 0.003103
13 -0.007210 +/- 0.002836
14 0.004551 +/- 0.002842
15 -0.002988 +/- 0.003083
16 0.001660 +/- 0.002855
17 -0.008048 +/- 0.002866
line search: 
-2 -1.095189 +/- 0.002769
-1 -1.092073 +/- 0.002787
-1 -1.094184 +/- 0.002745
0 -1.097178 +/- 0.002875
0 -1.124492 +/- 0.001699
0 -1.097477 +/- 0.002755
1 -1.104298 +/- 0.002659
1 -1.106787 +/- 0.002844
2 -1.097447 +/- 0.002794
proposed new energy: -1.111396 +/- 0.001161
proposed parameters:
0 -0.002213
1 -0.001949
2 -0.003459
3 -0.000458
4 0.002626
5 0.000492
6 0.006385
7 -0.000515
8 0.001693
9 -0.004160
10 -0.000557
11 -0.000682
12 -0.000958
13 0.001892
14 -0.001194
15 0.000784
16 -0.000436
17 0.002112
