iteration:  0
parameters: 18
0 0.000000
1 0.000000
2 0.000000
3 0.000000
4 0.000000
5 0.000000
6 0.000000
7 0.000000
8 0.000000
9 0.000000
10 0.000000
11 0.000000
12 0.000000
13 0.000000
14 0.000000
15 0.000000
16 0.000000
17 0.000000
ancillas
0 2.000000 +/- 0.000000
1 0.004342 +/- 0.006849
2 0.000000 +/- 0.000000
energy: = -1.114717 +/- 0.001559
gradient: 
0 -0.002465 +/- 0.003438
1 0.001467 +/- 0.003311
2 0.008749 +/- 0.003300
3 -0.000847 +/- 0.003438
4 -0.007321 +/- 0.003316
5 0.003571 +/- 0.003303
6 -0.036064 +/- 0.003496
7 -0.002587 +/- 0.003333
8 -0.010697 +/- 0.003324
9 0.022344 +/- 0.003455
10 -0.003428 +/- 0.003319
11 -0.010413 +/- 0.003321
12 0.001152 +/- 0.003075
13 0.004514 +/- 0.002855
14 -0.001608 +/- 0.002958
15 -0.001432 +/- 0.003141
16 -0.016086 +/- 0.002938
17 0.000035 +/- 0.002884
line search: 
-2 -1.068618 +/- 0.003141
-1 -1.068602 +/- 0.002989
-1 -1.093656 +/- 0.002872
0 -1.098934 +/- 0.002560
0 -1.123878 +/- 0.001598
0 -1.094913 +/- 0.002621
1 -1.086005 +/- 0.002670
1 -1.089938 +/- 0.002675
2 -1.097761 +/- 0.002645
proposed new energy: -1.109576 +/- 0.001106
proposed parameters:
0 0.000764
1 -0.000455
2 -0.002710
3 0.000262
4 0.002268
5 -0.001106
6 0.011171
7 0.000801
8 0.003313
9 -0.006921
10 0.001062
11 0.003226
12 -0.000357
13 -0.001398
14 0.000498
15 0.000444
16 0.004983
17 -0.000011
