iteration:  0
parameters: 18
0 0.000000
1 0.000000
2 0.000000
3 0.000000
4 0.000000
5 0.000000
6 0.000000
7 0.000000
8 0.000000
9 0.000000
10 0.000000
11 0.000000
12 0.000000
13 0.000000
14 0.000000
15 0.000000
16 0.000000
17 0.000000
ancillas
0 2.000000 +/- 0.000000
1 0.000695 +/- 0.006846
2 0.000000 +/- 0.000000
energy: = -1.111742 +/- 0.001391
gradient: 
0 -0.001986 +/- 0.003395
1 0.002236 +/- 0.003247
2 -0.000279 +/- 0.003237
3 0.001792 +/- 0.003380
4 -0.002757 +/- 0.003242
5 -0.000197 +/- 0.003239
6 -0.026132 +/- 0.003354
7 -0.004749 +/- 0.003212
8 0.003744 +/- 0.003202
9 0.016320 +/- 0.003354
10 -0.004588 +/- 0.003231
11 0.001632 +/- 0.003229
12 -0.006898 +/- 0.003053
13 0.005701 +/- 0.002780
14 -0.000515 +/- 0.002766
15 -0.004745 +/- 0.003004
16 -0.013335 +/- 0.002783
17 -0.003049 +/- 0.002771
line search: 
-2 -1.102583 +/- 0.002469
-1 -1.124301 +/- 0.002763
-1 -1.094823 +/- 0.002762
0 -1.100239 +/- 0.002639
0 -1.080971 +/- 0.001820
0 -1.110347 +/- 0.002272
1 -1.104274 +/- 0.002302
1 -1.106795 +/- 0.002326
2 -1.107612 +/- 0.002379
proposed new energy: -1.095748 +/- 0.001131
proposed parameters:
0 -0.000095
1 0.000107
2 -0.000013
3 0.000086
4 -0.000132
5 -0.000009
6 -0.001254
7 -0.000228
8 0.000180
9 0.000783
10 -0.000220
11 0.000078
12 -0.000331
13 0.000274
14 -0.000025
15 -0.000228
16 -0.000640
17 -0.000146
