iteration:  0
parameters: 18
0 0.000000
1 0.000000
2 0.000000
3 0.000000
4 0.000000
5 0.000000
6 0.000000
7 0.000000
8 0.000000
9 0.000000
10 0.000000
11 0.000000
12 0.000000
13 0.000000
14 0.000000
15 0.000000
16 0.000000
17 0.000000
ancillas
0 2.076972 +/- 0.003196
1 0.087956 +/- 0.007446
2 0.038833 +/- 0.001649
energy: = -1.109677 +/- 0.001497
gradient: 
0 0.002298 +/- 0.003431
1 0.004869 +/- 0.003276
2 0.000306 +/- 0.003236
3 -0.007954 +/- 0.003412
4 -0.000393 +/- 0.003240
5 -0.005630 +/- 0.003241
6 -0.019097 +/- 0.003437
7 0.001486 +/- 0.003262
8 -0.000831 +/- 0.003278
9 0.018947 +/- 0.003421
10 -0.005456 +/- 0.003295
11 -0.002933 +/- 0.003268
12 -0.003454 +/- 0.003051
13 -0.009506 +/- 0.002815
14 0.003494 +/- 0.002796
15 0.003309 +/- 0.003258
16 -0.002325 +/- 0.002842
17 -0.008436 +/- 0.002852
line search: 
-2 -1.082909 +/- 0.003119
-1 -1.059416 +/- 0.002802
-1 -1.079986 +/- 0.002508
0 -1.091294 +/- 0.002308
0 -1.110911 +/- 0.001343
0 -1.091717 +/- 0.002348
1 -1.099150 +/- 0.002359
1 -1.115259 +/- 0.002612
2 -1.100555 +/- 0.002902
proposed new energy: -1.106860 +/- 0.001106
proposed parameters:
0 -0.002666
1 -0.005648
2 -0.000355
3 0.009228
4 0.000456
5 0.006532
6 0.022155
7 -0.001724
8 0.000964
9 -0.021981
10 0.006330
11 0.003402
12 0.004007
13 0.011029
14 -0.004053
15 -0.003838
16 0.002697
17 0.009787
