iteration:  0
parameters: 18
0 0.000000
1 0.000000
2 0.000000
3 0.000000
4 0.000000
5 0.000000
6 0.000000
7 0.000000
8 0.000000
9 0.000000
10 0.000000
11 0.000000
12 0.000000
13 0.000000
14 0.000000
15 0.000000
16 0.000000
17 0.000000
ancillas
0 2.000000 +/- 0.000000
1 -0.003388 +/- 0.006846
2 0.000000 +/- 0.000000
energy: = -1.108120 +/- 0.001297
gradient: 
0 0.000177 +/- 0.003376
1 0.007946 +/- 0.003191
2 -0.003936 +/- 0.003179
3 -0.003214 +/- 0.003379
4 0.002002 +/- 0.003193
5 -0.005071 +/- 0.003201
6 -0.017475 +/- 0.003397
7 -0.009039 +/- 0.003175
8 -0.011925 +/- 0.003286
9 0.016238 +/- 0.003394
10 -0.001470 +/- 0.003166
11 0.006433 +/- 0.003200
12 0.003291 +/- 0.003002
13 0.005254 +/- 0.002855
14 0.008463 +/- 0.002875
15 -0.005198 +/- 0.003007
16 -0.009302 +/- 0.002856
17 -0.012724 +/- 0.002862
line search: 
-2 -1.069483 +/- 0.003013
-1 -1.063102 +/- 0.002882
-1 -1.071913 +/- 0.002853
0 -1.079093 +/- 0.002724
0 -1.111057 +/- 0.001783
0 -1.081179 +/- 0.002723
1 -1.076380 +/- 0.002771
1 -1.082847 +/- 0.002607
2 -1.097460 +/- 0.002504
proposed new energy: -1.093819 +/- 0.001121
proposed parameters:
0 -0.000135
1 -0.006049
2 0.002996
3 0.002447
4 -0.001524
5 0.003860
6 0.013303
7 0.006881
8 0.009078
9 -0.012361
10 0.001119
11 -0.004897
12 -0.002505
13 -0.004000
14 -0.006442
15 0.003957
16 0.007081
17 0.009686
