iteration:  0
parameters: 18
0 0.000000
1 0.000000
2 0.000000
3 0.000000
4 0.000000
5 0.000000
6 0.000000
7 0.000000
8 0.000000
9 0.000000
10 0.000000
11 0.000000
12 0.000000
13 0.000000
14 0.000000
15 0.000000
16 0.000000
17 0.000000
ancillas
0 1.998683 +/- 0.000406
1 0.018971 +/- 0.006846
2 0.000034 +/- 0.000046
energy: = -1.107923 +/- 0.001254
gradient: 
0 0.004996 +/- 0.003366
1 -0.000277 +/- 0.003183
2 0.010908 +/- 0.003184
3 -0.000806 +/- 0.003367
4 -0.002437 +/- 0.003191
5 -0.001327 +/- 0.003188
6 -0.015949 +/- 0.003432
7 0.009085 +/- 0.003255
8 0.000382 +/- 0.003228
9 0.031887 +/- 0.003404
10 -0.009132 +/- 0.003227
11 -0.003433 +/- 0.003213
12 -0.000744 +/- 0.002996
13 0.004672 +/- 0.002788
14 0.001138 +/- 0.002790
15 -0.002555 +/- 0.003006
16 -0.009769 +/- 0.002781
17 -0.001803 +/- 0.002779
line search: 
-2 -1.096752 +/- 0.002630
-1 -1.108691 +/- 0.002681
-1 -1.081051 +/- 0.002613
0 -1.091950 +/- 0.002427
0 -1.112646 +/- 0.001422
0 -1.081249 +/- 0.002522
1 -1.084777 +/- 0.002467
1 -1.088289 +/- 0.002322
2 -1.085978 +/- 0.002316
proposed new energy: -1.100827 +/- 0.000988
proposed parameters:
0 0.003504
1 -0.000194
2 0.007651
3 -0.000565
4 -0.001709
5 -0.000931
6 -0.011187
7 0.006372
8 0.000268
9 0.022366
10 -0.006405
11 -0.002408
12 -0.000522
13 0.003277
14 0.000798
15 -0.001792
16 -0.006852
17 -0.001265
