iteration:  0
parameters: 18
0 0.000000
1 0.000000
2 0.000000
3 0.000000
4 0.000000
5 0.000000
6 0.000000
7 0.000000
8 0.000000
9 0.000000
10 0.000000
11 0.000000
12 0.000000
13 0.000000
14 0.000000
15 0.000000
16 0.000000
17 0.000000
ancillas
0 2.002334 +/- 0.000540
1 -0.000604 +/- 0.006847
2 -0.000000 +/- 0.000000
energy: = -1.109909 +/- 0.001234
gradient: 
0 0.001428 +/- 0.003340
1 0.005488 +/- 0.003213
2 0.001945 +/- 0.003193
3 0.004093 +/- 0.003360
4 0.000920 +/- 0.003224
5 -0.003412 +/- 0.003243
6 -0.017285 +/- 0.003381
7 0.001343 +/- 0.003201
8 0.036181 +/- 0.003204
9 0.016086 +/- 0.003383
10 0.001104 +/- 0.003224
11 0.008680 +/- 0.003276
12 -0.011448 +/- 0.003074
13 0.003859 +/- 0.002904
14 0.005436 +/- 0.002829
15 -0.002774 +/- 0.003075
16 -0.045990 +/- 0.002938
17 0.004617 +/- 0.002813
line search: 
-2 -1.093132 +/- 0.002192
-1 -1.104992 +/- 0.002213
-1 -1.096053 +/- 0.002013
0 -1.101914 +/- 0.002036
0 -1.108413 +/- 0.001215
0 -1.101950 +/- 0.001932
1 -1.104707 +/- 0.001925
1 -1.107980 +/- 0.002052
2 -1.100161 +/- 0.002008
proposed new energy: -1.106100 +/- 0.000816
proposed parameters:
0 -0.000712
1 -0.002736
2 -0.000970
3 -0.002041
4 -0.000459
5 0.001701
6 0.008618
7 -0.000670
8 -0.018039
9 -0.008020
10 -0.000550
11 -0.004328
12 0.005708
13 -0.001924
14 -0.002710
15 0.001383
16 0.022930
17 -0.002302
