iteration:  0
parameters: 18
0 0.000000
1 0.000000
2 0.000000
3 0.000000
4 0.000000
5 0.000000
6 0.000000
7 0.000000
8 0.000000
9 0.000000
10 0.000000
11 0.000000
12 0.000000
13 0.000000
14 0.000000
15 0.000000
16 0.000000
17 0.000000
ancillas
0 2.000000 +/- 0.000000
1 -0.014705 +/- 0.006846
2 0.000000 +/- 0.000000
energy: = -1.108464 +/- 0.001181
gradient: 
0 -0.003454 +/- 0.003360
1 0.007304 +/- 0.003171
2 0.005224 +/- 0.003160
3 0.001683 +/- 0.003372
4 -0.009499 +/- 0.003215
5 -0.002380 +/- 0.003174
6 -0.023791 +/- 0.003396
7 0.001798 +/- 0.003169
8 -0.005798 +/- 0.003198
9 0.017716 +/- 0.003399
10 -0.002874 +/- 0.003184
11 -0.005880 +/- 0.003171
12 -0.011063 +/- 0.002989
13 0.004994 +/- 0.002836
14 0.004966 +/- 0.002858
15 -0.003963 +/- 0.002977
16 -0.005455 +/- 0.002798
17 -0.001795 +/- 0.002785
line search: 
-2 -1.087790 +/- 0.002716
-1 -1.088292 +/- 0.002741
-1 -1.096615 +/- 0.002684
0 -1.084647 +/- 0.002852
0 -1.126613 +/- 0.001979
0 -1.097221 +/- 0.002897
1 -1.081779 +/- 0.003033
1 -1.079808 +/- 0.003030
2 -1.044207 +/- 0.002534
proposed new energy: -1.109404 +/- 0.001243
proposed parameters:
0 -0.001143
1 0.002418
2 0.001729
3 0.000557
4 -0.003144
5 -0.000788
6 -0.007875
7 0.000595
8 -0.001919
9 0.005865
10 -0.000951
11 -0.001946
12 -0.003662
13 0.001653
14 0.001644
15 -0.001312
16 -0.001806
17 -0.000594
