iteration:  0
parameters: 18
0 0.000000
1 0.000000
2 0.000000
3 0.000000
4 0.000000
5 0.000000
6 0.000000
7 0.000000
8 0.000000
9 0.000000
10 0.000000
11 0.000000
12 0.000000
13 0.000000
14 0.000000
15 0.000000
16 0.000000
17 0.000000
ancillas
0 2.000000 +/- 0.000000
1 0.007391 +/- 0.006846
2 0.000000 +/- 0.000000
energy: = -1.110022 +/- 0.001162
gradient: 
0 0.000662 +/- 0.003359
1 0.001955 +/- 0.003215
2 0.000094 +/- 0.003196
3 0.018386 +/- 0.003400
4 -0.000503 +/- 0.003246
5 -0.003220 +/- 0.003226
6 -0.016320 +/- 0.003350
7 -0.003194 +/- 0.003132
8 0.010730 +/- 0.003229
9 0.025830 +/- 0.003331
10 0.002062 +/- 0.003141
11 -0.003996 +/- 0.003126
12 -0.004625 +/- 0.002977
13 0.004128 +/- 0.002765
14 0.006613 +/- 0.002787
15 -0.004508 +/- 0.002953
16 -0.002905 +/- 0.002747
17 -0.009688 +/- 0.002776
line search: 
-2 -1.091580 +/- 0.002857
-1 -1.089595 +/- 0.002877
-1 -1.076318 +/- 0.002780
0 -1.079922 +/- 0.002833
0 -1.112745 +/- 0.001889
0 -1.081374 +/- 0.002773
1 -1.085668 +/- 0.002714
1 -1.086543 +/- 0.002783
2 -1.105471 +/- 0.003012
proposed new energy: -1.096768 +/- 0.009537
proposed parameters:
0 -0.002652
1 -0.007833
2 -0.000378
3 -0.073674
4 0.002016
5 0.012902
6 0.065394
7 0.012798
8 -0.042997
9 -0.103505
10 -0.008264
11 0.016011
12 0.018534
13 -0.016541
14 -0.026500
15 0.018063
16 0.011639
17 0.038821
