iteration:  0
parameters: 18
0 0.000000
1 0.000000
2 0.000000
3 0.000000
4 0.000000
5 0.000000
6 0.000000
7 0.000000
8 0.000000
9 0.000000
10 0.000000
11 0.000000
12 0.000000
13 0.000000
14 0.000000
15 0.000000
16 0.000000
17 0.000000
ancillas
0 2.000000 +/- 0.000000
1 -0.009373 +/- 0.006846
2 -0.000000 +/- 0.000000
energy: = -1.108089 +/- 0.001168
gradient: 
0 -0.000054 +/- 0.003344
1 0.003590 +/- 0.003170
2 0.003868 +/- 0.003160
3 -0.009067 +/- 0.003338
4 -0.012451 +/- 0.003141
5 -0.005337 +/- 0.003146
6 -0.024788 +/- 0.003343
7 0.003490 +/- 0.003136
8 0.001070 +/- 0.003157
9 0.025424 +/- 0.003341
10 -0.000883 +/- 0.003143
11 -0.005795 +/- 0.003131
12 -0.003760 +/- 0.002965
13 0.000155 +/- 0.002797
14 0.003084 +/- 0.002807
15 -0.005262 +/- 0.002960
16 -0.003195 +/- 0.002782
17 -0.008790 +/- 0.002793
line search: 
-2 -1.095095 +/- 0.002318
-1 -1.098897 +/- 0.002250
-1 -1.101032 +/- 0.002324
0 -1.097939 +/- 0.002314
0 -1.110759 +/- 0.001220
0 -1.096670 +/- 0.002588
1 -1.092259 +/- 0.002601
1 -1.092721 +/- 0.002560
2 -1.103045 +/- 0.002620
proposed new energy: -1.104870 +/- 0.000928
proposed parameters:
0 -0.000001
1 0.000087
2 0.000094
3 -0.000220
4 -0.000302
5 -0.000129
6 -0.000601
7 0.000085
8 0.000026
9 0.000616
10 -0.000021
11 -0.000141
12 -0.000091
13 0.000004
14 0.000075
15 -0.000128
16 -0.000077
17 -0.000213
