dist = [0.3, 0.4, 0.5, 0.6, 0.7, 0.8, 0.9, 1. , 1.1, 1.2, 1.3, 1.4, 1.5,
       1.6, 1.7, 1.8, 1.9, 2. , 2.1, 2.2, 2.3, 2.4, 2.5, 2.6, 2.7, 2.8,
       2.9, 3. , 3.1, 3.2, 3.3, 3.4]
       
energies = {'sto-3g': [0.8041086871865142,
  -0.22488793558199394,
  -0.7410926666180804,
  -1.0155164364216978,
  -1.161762102919449,
  -1.235725788983385,
  -1.2675871293748995,
  -1.2742751049877588,
  -1.265572779768333,
  -1.2474455804202944,
  -1.2237815238694745,
  -1.197241631253733,
  -1.1696842990422864,
  -1.1424065211226635,
  -1.1162989236635008,
  -1.0919491847590923,
  -1.0697115350089086,
  -1.049756481201356,
  -1.0321114424829525,
  -1.0166979391858937,
  -1.0033662940385621,
  -0.9919261818917495,
  -0.9821710302689763,
  -0.9738953479327621,
  -0.9669054205310451,
  -0.9610247370396982,
  -0.9560958084076231,
  -0.9519798646079826,
  -0.9485555213395861,
  -0.9457170942944902,
  -0.9433729129017526,
  -0.9414437734092402],
 'sto-6g': [0.7930249944681096,
  -0.23748138680009934,
  -0.7527805858030656,
  -1.0251057217763129,
  -1.1699429398436911,
  -1.2433092266100079,
  -1.2748268385778982,
  -1.2811879994251272,
  -1.2722647705355452,
  -1.2541321018359217,
  -1.2306719129030712,
  -1.2044585772543404,
  -1.1772556560041043,
  -1.1502958922569921,
  -1.1244398972305523,
  -1.1002689580616152,
  -1.0781444800233184,
  -1.0582520399914663,
  -1.0406387409179958,
  -1.0252471289480645,
  -1.0119461452363505,
  -1.000558408005646,
  -0.9908829093203828,
  -0.9827125641869092,
  -0.9758466366305579,
  -0.9700986094113239,
  -0.965300395780803,
  -0.961303882495154,
  -0.9579807036602964,
  -0.9552209634214394,
  -0.9529314255228291,
  -0.9510335121611921],
 '6-31g': [0.259926094103915,
  -0.6101368264164648,
  -1.0045635843636833,
  -1.189303503027129,
  -1.271603785733578,
  -1.300926257315097,
  -1.3024850238970291,
  -1.2900120093510488,
  -1.2711818822305607,
  -1.2501812401536339,
  -1.2290803698634576,
  -1.2087177837918281,
  -1.1893258369400959,
  -1.1709212339127109,
  -1.1534919659469076,
  -1.1370543114486444,
  -1.1216503740518675,
  -1.107328985424275,
  -1.0941285967383543,
  -1.0820673066459938,
  -1.0711395336537692,
  -1.061317209782254,
  -1.0525534076679417,
  -1.0447868808150749,
  -1.0379466019560568,
  -1.0319558430147158,
  -1.0267356195064248,
  -1.022207463758467,
  -1.0182955535347649,
  -1.0149282486241464,
  -1.0120391043915533,
  -1.009567441984585],
 'cc-pvdz': [0.3782238166272416,
  -0.5463739220000656,
  -0.9735350033495567,
  -1.180351827121184,
  -1.2793737936506138,
  -1.32151358380884,
  -1.3321577417530164,
  -1.3251542731833692,
  -1.3085065857378024,
  -1.2869122557900172,
  -1.2630925709908885,
  -1.238601092487001,
  -1.2143540188442594,
  -1.190968638606901,
  -1.1689268628089393,
  -1.1485907040703591,
  -1.130159623029464,
  -1.1136636006177492,
  -1.0990099389773569,
  -1.0860456963916092,
  -1.0746033838949032,
  -1.0645236197071097,
  -1.055662129993839,
  -1.0478895013098652,
  -1.0410888751161695,
  -1.0351538563439258,
  -1.0299872223362132,
  -1.0255002839439333,
  -1.0216125606357727,
  -1.0182514943293284,
  -1.0153520631557886,
  -1.0128562728882362],
 'aug-cc-pvdz': [0.3377467886017529,
  -0.5693175963878341,
  -0.9860761559102396,
  -1.186660343511147,
  -1.282042725414556,
  -1.3223731369289025,
  -1.3325006096624699,
  -1.3257768627827762,
  -1.3098086299268898,
  -1.2890527819523587,
  -1.2661251576827082,
  -1.2425677106243007,
  -1.2193256456253432,
  -1.1970206758761601,
  -1.1760681061970448,
  -1.1567047188884187,
  -1.139009235115287,
  -1.1229499185759277,
  -1.1084392220614911,
  -1.095371546131712,
  -1.0836408408143414,
  -1.0731457208294946,
  -1.0637894369993048,
  -1.0554787353515656,
  -1.0481231724411515,
  -1.0416351911809087,
  -1.0359307383715088,
  -1.0309300717746317,
  -1.0265584666479222,
  -1.0227466682268291,
  -1.019431066033409,
  -1.016553645819041]}