dist = np.arange(0.3, 3.5, .1)

energies={'HF': [0.8056100703877389,
  -0.22321436431273423,
  -0.7367229629714385,
  -1.007104547434058,
  -1.149785629827218,
  -1.220720644951825,
  -1.2494674834990795,
  -1.2526503411788528,
  -1.2400693045269733,
  -1.2177264183217726,
  -1.189435384895112,
  -1.1577140541119582,
  -1.1242888776973972,
  -1.0903826899967242,
  -1.0568801388727018,
  -1.0244247396564663,
  -0.9934786770804004,
  -0.9643624774246218,
  -0.9372833074829038,
  -0.9123563277190744,
  -0.8896216436058548,
  -0.8690585548963077,
  -0.8505982043862217,
  -0.834135171241577,
  -0.8195381100874414,
  -0.8066592862527465,
  -0.7953427959887899,
  -0.7854313231523352,
  -0.776771396019425,
  -0.7692172166288161,
  -0.7626332151392136,
  -0.7568955278185281],
 'FCI': [0.7930249944681123,
  -0.23748138680009934,
  -0.7527805858030656,
  -1.0251057217763129,
  -1.1699429398436911,
  -1.2433092266100079,
  -1.2748268385778982,
  -1.2811879994251272,
  -1.2722647705355452,
  -1.2541321018359217,
  -1.2306719129030712,
  -1.2044585772543404,
  -1.1772556560041043,
  -1.1502958922569921,
  -1.1244398972305527,
  -1.1002689580616152,
  -1.0781444800233184,
  -1.0582520399914663,
  -1.0406387409179958,
  -1.0252471289480645,
  -1.0119461452363505,
  -1.000558408005646,
  -0.9908829093203828,
  -0.9827125641869092,
  -0.9758466366305579,
  -0.9700986094113239,
  -0.965300395780803,
  -0.961303882495154,
  -0.957980703660296,
  -0.9552209634214394,
  -0.9529314255228293,
  -0.9510335121611919],
 'MP2': [0.7958005402163504,
  -0.23409292285758565,
  -0.7487209028229405,
  -1.0203078029787696,
  -1.1643242559603881,
  -1.2367700375870858,
  -1.267249659122601,
  -1.2724371934120284,
  -1.2621871191373015,
  -1.2425601607098244,
  -1.217431807948143,
  -1.18938330418831,
  -1.1602044373627556,
  -1.131179437331058,
  -1.1032502645829243,
  -1.0771112747718103,
  -1.0532664289936766,
  -1.032066279917985,
  -1.0137337043796304,
  -0.9983831275311729,
  -0.9860361399958266,
  -0.9766355093375024,
  -0.9700588489433919,
  -0.9661324667008322,
  -0.9646452903125662,
  -0.965362374711085,
  -0.9680373598484647,
  -0.9724233072765176,
  -0.9782815198537393,
  -0.9853881685201895,
  -0.9935387614947253,
  -1.0025506618407807],
 'CCSD': [0.7930249864386527,
  -0.23748140355281985,
  -0.7527806181055459,
  -1.0251057569659046,
  -1.1699430002718476,
  -1.2433093264847686,
  -1.274826952243697,
  -1.2811881759611763,
  -1.2722649774391517,
  -1.2541324063343504,
  -1.2306719129079262,
  -1.2044585772589516,
  -1.1772556560133611,
  -1.150295892270771,
  -1.1244398972499248,
  -1.1002689580822689,
  -1.078144480041966,
  -1.0582520400040611,
  -1.0406387409249396,
  -1.025247352898501,
  -1.0119462150228609,
  -1.0005584071378952,
  -0.9908828204684149,
  -0.9827122259009129,
  -0.9758466366361369,
  -0.9700982967510117,
  -0.9653001119947793,
  -0.9613038826597399,
  -0.9579807045468722,
  -0.9552209746501101,
  -0.9529314438095993,
  -0.9510335483872372],
 'VQE': [0.7960725042547585,
  -0.23651783226876688,
  -0.7517011521001162,
  -1.0241072147561563,
  -1.1691974495471857,
  -1.2417311536842124,
  -1.274295921847031,
  -1.280741625127753,
  -1.2707057439292935,
  -1.2533743302358866,
  -1.229939433341501,
  -1.1998703350917357,
  -1.174436867052712,
  -1.147804031600118,
  -1.1224716592732635,
  -1.099296234697294,
  -1.074217203108994,
  -1.0577370217315676,
  -1.0402471465753038,
  -1.024033851868177,
  -0.9840795242593796,
  -0.9967673661351948,
  -0.9883382853251623,
  -0.9777777371322822,
  -0.9655207416268078,
  -0.9498206051889412,
  -0.9494611791441653,
  -0.9477974730180777,
  -0.9405679471796292,
  -0.9413677080964061,
  -0.9399079857014464,
  -0.9397887726878928]}