dist = np.arange(0.2, 3.5, .1)

{'triang': [3.1518111712329606,
  0.7930249944681096,
  -0.23748138680009934,
  -0.7527805858030661,
  -1.0251057217763142,
  -1.1699429398436902,
  -1.243309226610007,
  -1.2748268385778982,
  -1.2811879994251272,
  -1.2722647705355443,
  -1.2541321018359217,
  -1.2306719129030719,
  -1.2044585772543404,
  -1.1772556560041043,
  -1.1502958922569932,
  -1.1244398972305527,
  -1.1002689580616152,
  -1.0781444800233184,
  -1.0582520399914652,
  -1.040638740917995,
  -1.025247128948065,
  -1.01194614523635,
  -1.0005584080056462,
  -0.9908829093203823,
  -0.9827125641869093,
  -0.9758466366305582,
  -0.9700986094113239,
  -0.9653003957808022,
  -0.9613038824951533,
  -0.9579807036602956,
  -0.9552209634214397,
  -0.9529314255228286,
  -0.9510335121611921],
 'linear': [1.92242925893808,
  0.12223251351189202,
  -0.614412055313164,
  -0.9587076703534279,
  -1.1266575358056552,
  -1.2059922440356858,
  -1.237589293759693,
  -1.2423892036246307,
  -1.2319273882229824,
  -1.2129199088612543,
  -1.189459173227886,
  -1.164140680458719,
  -1.1386577999417242,
  -1.114120081135992,
  -1.0912292652092535,
  -1.07038550039016,
  -1.0517623829564626,
  -1.0353688241672203,
  -1.0211029922795922,
  -1.0087974583575123,
  -0.9982537307590812,
  -0.9892659862088754,
  -0.9816355933807963,
  -0.9751788636985527,
  -0.9697303803989386,
  -0.9651437151733295,
  -0.9612907383310428,
  -0.9580602507396752,
  -0.9553563474669928,
  -0.9530967316049797,
  -0.9512110885478264,
  -0.9496395721411379,
  -0.9483314231127898],
 'bended': [0.6201755498882866,
  -0.5260344069238951,
  -0.94596738241983,
  -1.1153337727650214,
  -1.1791066085224728,
  -1.1933743117111129,
  -1.1834674955049596,
  -1.1621054670500535,
  -1.1361364711974613,
  -1.1094424550090585,
  -1.0844232006983399,
  -1.0628515075230118,
  -1.0459417854982616,
  -1.033160546556248,
  -1.0226691630668558,
  -1.013317534093058,
  -1.0047367955128097,
  -0.996854630667759,
  -0.9896720302261415,
  -0.9831931286440532,
  -0.977402386903378,
  -0.9722887998721054,
  -0.9677980716160471,
  -0.9638878370556596,
  -0.9605058575152428,
  -0.95759815533436,
  -0.9551114956757154,
  -0.9529947834963134,
  -0.9512003900392081,
  -0.9496847278288366,
  -0.9484085531490445,
  -0.9473370074433771,
  -0.9464394757647465]}

